Percentage served,Time in ms
0,138.625
1,501.604
2,537.608
3,544.939
4,555.046
5,569.235
6,582.240
7,585.446
8,593.888
9,603.624
10,615.627
11,623.947
12,627.307
13,628.955
14,631.311
15,632.477
16,633.473
17,634.926
18,636.122
19,637.201
20,638.323
21,639.748
22,641.101
23,642.248
24,643.405
25,644.561
26,646.077
27,647.021
28,647.968
29,649.738
30,651.052
31,652.579
32,653.684
33,654.668
34,656.108
35,657.280
36,658.404
37,660.783
38,663.211
39,665.401
40,669.194
41,671.899
42,676.052
43,679.342
44,683.262
45,684.862
46,686.665
47,689.671
48,692.072
49,694.796
50,696.736
51,698.430
52,701.557
53,703.563
54,705.169
55,707.075
56,708.546
57,711.094
58,713.482
59,714.466
60,715.893
61,716.823
62,718.385
63,719.958
64,724.001
65,726.795
66,729.420
67,732.041
68,734.785
69,739.493
70,741.672
71,743.409
72,747.183
73,750.078
74,752.470
75,756.770
76,759.007
77,763.004
78,765.942
79,773.588
80,776.799
81,784.284
82,791.686
83,795.502
84,799.832
85,808.651
86,810.465
87,815.903
88,824.757
89,834.620
90,855.992
91,868.847
92,885.509
93,904.150
94,911.499
95,927.643
96,941.019
97,983.620
98,1060.692
99,1186.729
100,1477.359
