Percentage served,Time in ms
0,82.186
1,123.365
2,149.657
3,150.522
4,156.001
5,166.288
6,186.733
7,192.067
8,193.219
9,193.778
10,193.845
11,194.376
12,194.601
13,194.653
14,195.429
15,195.461
16,195.578
17,196.002
18,196.012
19,196.297
20,196.699
21,197.016
22,197.164
23,197.244
24,197.375
25,198.397
26,198.464
27,198.897
28,198.914
29,199.504
30,199.522
31,199.637
32,199.719
33,199.834
34,200.968
35,201.187
36,201.533
37,201.772
38,201.863
39,201.995
40,202.479
41,202.505
42,202.685
43,203.015
44,204.821
45,205.314
46,205.815
47,206.108
48,206.335
49,206.822
50,207.589
51,207.819
52,208.243
53,210.094
54,210.218
55,210.284
56,210.620
57,211.991
58,212.314
59,212.402
60,214.687
61,215.657
62,215.666
63,216.112
64,216.386
65,219.553
66,219.723
67,220.244
68,220.551
69,221.060
70,221.493
71,221.600
72,221.712
73,222.183
74,223.486
75,223.809
76,224.441
77,224.666
78,225.368
79,225.839
80,227.549
81,228.249
82,229.082
83,231.838
84,232.531
85,232.680
86,234.377
87,244.823
88,245.327
89,247.994
90,249.375
91,253.840
92,256.507
93,263.666
94,264.071
95,264.888
96,269.828
97,286.726
98,294.263
99,352.768
100,352.768
