Percentage served,Time in ms
0,133.200
1,476.884
2,511.329
3,543.469
4,557.949
5,578.144
6,587.738
7,591.878
8,597.088
9,604.845
10,609.884
11,618.501
12,623.099
13,626.605
14,628.674
15,629.939
16,632.421
17,633.601
18,634.278
19,635.190
20,636.273
21,638.496
22,639.468
23,640.250
24,641.276
25,642.240
26,643.067
27,644.132
28,644.945
29,646.363
30,647.070
31,647.739
32,648.646
33,649.940
34,651.237
35,652.724
36,653.831
37,655.299
38,657.186
39,659.219
40,661.070
41,662.890
42,667.083
43,670.643
44,672.543
45,674.971
46,677.176
47,681.066
48,684.160
49,686.106
50,687.770
51,689.311
52,690.818
53,692.947
54,694.591
55,696.436
56,698.235
57,699.355
58,700.788
59,702.215
60,703.541
61,705.264
62,706.932
63,708.928
64,710.309
65,711.902
66,713.857
67,716.204
68,718.503
69,720.738
70,723.242
71,725.528
72,729.044
73,732.448
74,735.655
75,739.120
76,742.333
77,746.005
78,749.253
79,752.082
80,755.422
81,757.965
82,760.934
83,763.647
84,767.945
85,773.611
86,779.494
87,784.380
88,787.888
89,793.288
90,798.119
91,811.261
92,819.420
93,831.746
94,840.736
95,850.363
96,870.691
97,902.091
98,939.158
99,1026.270
100,1251.216
