Percentage served,Time in ms
0,78.400
1,256.264
2,257.656
3,264.019
4,267.538
5,269.804
6,273.002
7,273.407
8,274.259
9,285.881
10,287.461
11,287.769
12,288.004
13,289.583
14,299.783
15,301.257
16,304.311
17,312.962
18,314.298
19,314.361
20,319.931
21,320.288
22,320.706
23,323.050
24,324.105
25,324.939
26,331.298
27,331.360
28,331.614
29,332.071
30,332.369
31,337.012
32,337.812
33,338.291
34,339.497
35,339.644
36,339.841
37,341.938
38,344.189
39,348.041
40,348.886
41,351.588
42,354.614
43,355.786
44,356.444
45,378.892
46,379.764
47,380.341
48,380.497
49,382.666
50,384.213
51,384.584
52,385.194
53,385.615
54,386.359
55,386.462
56,386.812
57,387.174
58,387.215
59,387.753
60,388.551
61,388.599
62,388.857
63,390.330
64,391.628
65,393.826
66,396.981
67,399.388
68,401.692
69,409.366
70,411.527
71,412.284
72,412.320
73,412.419
74,412.449
75,412.937
76,416.455
77,417.499
78,419.513
79,420.415
80,421.341
81,422.247
82,422.300
83,422.961
84,423.029
85,423.445
86,424.430
87,426.208
88,426.346
89,427.176
90,428.934
91,431.162
92,431.810
93,433.049
94,434.073
95,434.523
96,436.200
97,442.077
98,451.590
99,473.031
100,473.031
