Percentage served,Time in ms
0,112.394
1,557.807
2,587.185
3,606.675
4,626.805
5,641.324
6,650.982
7,654.791
8,657.833
9,664.537
10,668.205
11,673.725
12,677.670
13,679.615
14,681.224
15,684.758
16,687.458
17,693.572
18,698.237
19,702.549
20,705.563
21,711.597
22,715.737
23,719.795
24,725.509
25,730.396
26,732.529
27,734.628
28,737.451
29,740.047
30,743.148
31,748.022
32,752.927
33,755.447
34,757.304
35,760.315
36,763.385
37,767.658
38,772.270
39,776.798
40,781.274
41,783.727
42,788.749
43,791.764
44,795.297
45,800.080
46,806.831
47,808.507
48,810.581
49,814.474
50,820.754
51,824.085
52,828.009
53,832.739
54,835.461
55,837.643
56,840.396
57,844.101
58,850.365
59,854.635
60,860.011
61,866.198
62,871.432
63,876.660
64,879.212
65,887.443
66,894.499
67,899.141
68,901.954
69,906.476
70,914.813
71,921.041
72,924.076
73,934.459
74,940.383
75,956.887
76,970.816
77,988.640
78,1001.482
79,1023.529
80,1032.666
81,1051.774
82,1063.413
83,1070.960
84,1082.477
85,1107.139
86,1134.318
87,1167.913
88,1184.499
89,1205.754
90,1226.761
91,1270.175
92,1285.669
93,1309.345
94,1335.517
95,1373.849
96,1430.931
97,1450.261
98,1473.676
99,1524.105
100,1632.493
