Percentage served,Time in ms
0,134.363
1,480.441
2,578.194
3,598.005
4,602.966
5,620.191
6,623.575
7,638.877
8,640.694
9,641.927
10,643.949
11,645.014
12,645.958
13,647.091
14,648.456
15,649.068
16,650.389
17,653.151
18,653.702
19,654.822
20,655.842
21,657.855
22,658.934
23,662.131
24,664.245
25,665.499
26,667.409
27,668.705
28,671.288
29,679.701
30,685.278
31,692.414
32,697.141
33,698.158
34,700.670
35,701.097
36,702.035
37,703.007
38,703.792
39,704.740
40,709.534
41,710.799
42,711.746
43,713.357
44,714.686
45,717.401
46,718.770
47,719.560
48,722.064
49,723.184
50,723.846
51,726.134
52,728.557
53,734.048
54,734.913
55,735.884
56,737.181
57,743.586
58,746.381
59,752.543
60,755.980
61,756.803
62,757.969
63,759.779
64,761.388
65,764.725
66,765.672
67,766.350
68,767.734
69,770.018
70,771.094
71,772.497
72,774.641
73,777.975
74,779.343
75,780.727
76,789.184
77,793.935
78,794.788
79,796.319
80,803.195
81,827.580
82,830.678
83,831.117
84,848.657
85,856.405
86,858.104
87,861.914
88,865.649
89,866.174
90,880.202
91,885.662
92,906.537
93,908.073
94,929.947
95,967.812
96,969.754
97,988.242
98,994.442
99,1008.244
100,1010.712
