Percentage served,Time in ms
0,86.528
1,600.666
2,606.709
3,607.521
4,607.989
5,608.912
6,608.945
7,609.105
8,611.232
9,640.043
10,647.417
11,650.055
12,664.000
13,664.092
14,664.808
15,665.209
16,665.573
17,665.829
18,666.184
19,666.284
20,666.319
21,667.442
22,667.946
23,669.621
24,669.635
25,669.674
26,670.503
27,670.672
28,670.678
29,670.727
30,682.239
31,682.523
32,684.187
33,700.870
34,701.642
35,702.660
36,702.747
37,703.894
38,703.921
39,703.938
40,704.044
41,704.229
42,704.441
43,704.568
44,705.292
45,705.600
46,705.667
47,705.690
48,705.918
49,706.471
50,707.828
51,713.963
52,713.967
53,714.505
54,714.519
55,714.648
56,714.747
57,715.503
58,716.527
59,717.105
60,717.168
61,717.405
62,717.414
63,718.004
64,718.169
65,718.256
66,719.719
67,720.098
68,720.110
69,728.070
70,735.953
71,781.339
72,781.702
73,782.066
74,782.553
75,782.637
76,783.068
77,783.343
78,783.559
79,784.192
80,784.509
81,799.665
82,800.070
83,801.657
84,801.859
85,803.119
86,803.338
87,804.508
88,805.333
89,810.838
90,814.314
91,815.438
92,816.466
93,817.151
94,817.376
95,817.418
96,817.576
97,817.857
98,818.239
99,835.071
100,835.071
