Percentage served,Time in ms
0,137.255
1,545.949
2,558.620
3,561.235
4,579.330
5,598.405
6,612.637
7,626.895
8,634.910
9,637.469
10,638.332
11,639.078
12,642.096
13,650.504
14,651.100
15,651.777
16,657.305
17,658.943
18,659.579
19,659.852
20,660.081
21,660.480
22,661.821
23,662.180
24,664.548
25,669.369
26,671.137
27,674.142
28,676.197
29,676.793
30,678.713
31,681.742
32,694.724
33,696.169
34,696.855
35,698.451
36,701.066
37,701.689
38,702.258
39,705.122
40,706.092
41,707.054
42,708.335
43,708.733
44,709.364
45,709.388
46,709.884
47,710.613
48,711.184
49,712.481
50,712.866
51,713.536
52,714.721
53,715.187
54,715.495
55,716.194
56,718.043
57,721.934
58,736.971
59,747.192
60,750.212
61,751.080
62,752.068
63,755.830
64,757.037
65,759.111
66,762.404
67,763.029
68,764.416
69,765.021
70,766.019
71,769.847
72,772.848
73,777.604
74,779.449
75,783.471
76,787.520
77,789.468
78,792.409
79,797.412
80,802.004
81,804.082
82,807.657
83,810.474
84,811.539
85,814.127
86,839.751
87,843.825
88,864.350
89,865.230
90,876.998
91,882.417
92,884.055
93,890.777
94,921.914
95,985.843
96,1001.932
97,1032.941
98,1044.033
99,1044.353
100,1044.640
