Percentage served,Time in ms
0,78.618
1,88.101
2,99.727
3,102.904
4,115.037
5,134.831
6,135.739
7,136.897
8,137.035
9,137.377
10,138.009
11,138.110
12,138.199
13,138.299
14,138.551
15,139.014
16,139.641
17,139.867
18,140.540
19,140.753
20,141.378
21,141.461
22,141.967
23,142.057
24,142.500
25,143.311
26,143.885
27,144.177
28,145.357
29,145.509
30,146.066
31,146.765
32,147.057
33,147.213
34,147.877
35,148.231
36,149.507
37,154.420
38,154.549
39,154.949
40,155.565
41,155.599
42,156.990
43,158.141
44,159.308
45,159.466
46,159.585
47,159.786
48,159.796
49,159.833
50,159.969
51,160.329
52,162.194
53,163.217
54,163.485
55,163.550
56,163.793
57,164.239
58,164.804
59,165.146
60,167.216
61,168.082
62,168.244
63,168.884
64,170.793
65,171.059
66,171.112
67,174.505
68,174.744
69,177.368
70,179.086
71,180.744
72,182.312
73,185.668
74,192.965
75,193.074
76,196.759
77,197.988
78,204.425
79,208.590
80,216.982
81,219.486
82,222.654
83,224.602
84,227.447
85,233.318
86,234.877
87,236.119
88,237.961
89,238.278
90,239.578
91,240.448
92,240.968
93,245.475
94,249.640
95,263.391
96,264.543
97,267.011
98,282.139
99,283.259
100,283.259
