Percentage served,Time in ms
0,93.935
1,547.051
2,553.867
3,634.726
4,639.743
5,643.733
6,649.635
7,653.798
8,658.542
9,660.635
10,663.388
11,669.219
12,671.993
13,673.547
14,674.946
15,678.306
16,679.508
17,681.636
18,682.607
19,684.096
20,685.660
21,687.953
22,690.238
23,695.479
24,705.113
25,709.605
26,712.169
27,713.819
28,714.084
29,714.981
30,715.639
31,718.774
32,721.006
33,721.704
34,724.467
35,730.037
36,732.286
37,733.264
38,735.332
39,737.516
40,740.677
41,743.521
42,745.092
43,748.493
44,751.291
45,755.854
46,759.082
47,759.734
48,760.684
49,761.657
50,763.014
51,764.043
52,767.136
53,775.937
54,782.247
55,783.934
56,785.614
57,803.954
58,806.742
59,809.374
60,816.586
61,831.850
62,833.745
63,839.055
64,846.918
65,847.695
66,854.082
67,855.377
68,859.440
69,861.050
70,863.260
71,865.186
72,865.625
73,868.521
74,878.468
75,879.494
76,886.132
77,888.848
78,892.448
79,893.988
80,900.869
81,905.991
82,907.303
83,913.284
84,921.708
85,929.356
86,932.395
87,939.080
88,941.336
89,943.243
90,953.865
91,955.826
92,958.404
93,979.734
94,1046.620
95,1049.260
96,1127.059
97,1127.930
98,1135.924
99,1154.821
100,1323.569
