Percentage served,Time in ms
0,72.287
1,72.854
2,72.951
3,73.358
4,73.447
5,73.464
6,73.779
7,74.119
8,74.529
9,74.763
10,75.048
11,75.368
12,75.478
13,75.570
14,75.736
15,76.166
16,76.200
17,76.206
18,76.517
19,76.553
20,76.967
21,77.047
22,77.142
23,77.284
24,77.450
25,77.450
26,77.485
27,77.791
28,77.847
29,78.028
30,78.183
31,79.013
32,79.014
33,79.016
34,79.412
35,79.526
36,79.745
37,80.336
38,80.638
39,81.825
40,82.074
41,82.077
42,83.292
43,83.485
44,83.493
45,84.477
46,84.832
47,85.304
48,85.348
49,85.672
50,85.944
51,86.079
52,86.173
53,86.408
54,86.997
55,88.637
56,88.825
57,88.907
58,89.178
59,89.591
60,90.673
61,90.917
62,91.282
63,91.368
64,92.358
65,92.691
66,93.419
67,93.433
68,93.516
69,94.197
70,94.673
71,95.086
72,96.391
73,96.537
74,96.894
75,98.555
76,98.715
77,99.602
78,99.626
79,100.011
80,101.027
81,102.321
82,102.618
83,104.840
84,106.028
85,106.903
86,108.029
87,110.592
88,115.830
89,116.380
90,116.930
91,117.284
92,117.575
93,123.014
94,123.673
95,124.129
96,124.285
97,126.876
98,127.660
99,1862.636
100,1862.636
