Percentage served,Time in ms
0,133.737
1,506.736
2,557.099
3,573.678
4,589.390
5,598.483
6,606.240
7,615.482
8,622.556
9,627.272
10,631.815
11,635.600
12,639.483
13,642.304
14,644.529
15,646.484
16,648.555
17,650.731
18,652.520
19,654.205
20,655.961
21,657.635
22,659.941
23,660.809
24,662.835
25,664.457
26,666.203
27,667.575
28,669.085
29,670.415
30,672.051
31,674.439
32,676.146
33,677.824
34,680.014
35,682.253
36,684.194
37,686.103
38,688.471
39,691.001
40,693.975
41,696.395
42,699.227
43,701.796
44,704.091
45,706.455
46,708.374
47,709.886
48,711.886
49,714.009
50,715.669
51,717.391
52,719.271
53,720.787
54,722.672
55,724.456
56,726.800
57,728.577
58,730.336
59,731.875
60,733.414
61,735.755
62,738.267
63,740.209
64,742.535
65,745.677
66,749.260
67,752.886
68,755.886
69,759.267
70,763.129
71,766.381
72,770.545
73,772.397
74,774.717
75,777.707
76,781.056
77,785.817
78,788.717
79,793.858
80,798.555
81,804.598
82,809.090
83,811.886
84,815.528
85,819.523
86,823.241
87,830.136
88,836.293
89,842.484
90,849.134
91,859.511
92,873.691
93,881.879
94,891.957
95,907.838
96,929.254
97,952.413
98,977.014
99,1005.404
100,1224.210
