Percentage served,Time in ms
0,76.697
1,166.121
2,167.056
3,208.470
4,210.089
5,215.446
6,219.837
7,232.193
8,232.893
9,250.297
10,252.255
11,252.826
12,256.349
13,258.016
14,258.258
15,258.358
16,258.390
17,258.791
18,261.686
19,262.125
20,264.006
21,265.117
22,265.499
23,268.302
24,270.078
25,270.233
26,271.122
27,271.174
28,272.447
29,274.338
30,274.541
31,275.032
32,275.522
33,277.932
34,284.329
35,284.625
36,285.029
37,287.261
38,289.281
39,289.990
40,291.771
41,293.439
42,296.028
43,296.498
44,298.495
45,298.520
46,299.317
47,305.643
48,306.688
49,307.274
50,309.220
51,309.345
52,309.702
53,315.147
54,315.542
55,315.934
56,320.347
57,321.270
58,327.867
59,327.870
60,330.128
61,332.812
62,333.743
63,334.376
64,334.773
65,335.833
66,336.329
67,336.508
68,337.839
69,340.913
70,342.553
71,342.768
72,342.853
73,342.859
74,342.898
75,343.407
76,345.066
77,345.965
78,346.567
79,348.071
80,348.315
81,350.739
82,351.704
83,352.750
84,353.938
85,355.386
86,355.407
87,376.100
88,376.218
89,376.470
90,376.933
91,377.069
92,380.738
93,382.281
94,387.230
95,388.786
96,391.658
97,393.315
98,419.536
99,470.712
100,470.712
