Percentage served,Time in ms
0,1172.832
1,1206.310
2,1238.306
3,1251.855
4,1252.019
5,1252.025
6,1252.101
7,1252.146
8,1252.196
9,1252.412
10,1252.494
11,1252.768
12,1269.097
13,1269.111
14,1269.134
15,1269.214
16,1269.315
17,1289.481
18,1289.768
19,1289.771
20,1289.880
21,1289.922
22,1290.042
23,1290.391
24,1327.721
25,1327.933
26,1328.082
27,1337.166
28,1337.412
29,1337.431
30,1337.471
31,1337.583
32,1337.957
33,1348.413
34,1348.440
35,1348.796
36,1348.921
37,1349.091
38,1353.150
39,1353.222
40,1353.245
41,1353.348
42,1353.421
43,1353.508
44,1353.643
45,1353.735
46,1353.933
47,1360.439
48,1364.598
49,1364.671
50,1364.771
51,1364.772
52,1364.806
53,1364.901
54,1365.022
55,1366.553
56,1366.598
57,1366.768
58,1366.855
59,1366.920
60,1366.955
61,1367.116
62,1379.402
63,1416.369
64,1419.661
65,1419.991
66,1420.032
67,1420.052
68,1420.557
69,1420.573
70,1421.057
71,1421.556
72,1421.567
73,1421.595
74,1421.667
75,1421.891
76,1432.942
77,1441.607
78,1441.826
79,1449.132
80,1449.214
81,1449.285
82,1458.964
83,1531.631
84,1531.659
85,1531.678
86,1531.716
87,1531.728
88,1531.810
89,1531.896
90,2285.305
91,3115.317
92,3115.406
93,3115.412
94,3115.467
95,3115.711
96,3115.823
97,3115.826
98,3196.939
99,3218.769
100,3218.769
