Percentage served,Time in ms
0,1192.073
1,1236.519
2,1386.986
3,1537.390
4,1538.090
5,1871.226
6,1871.415
7,1871.862
8,2111.591
9,2294.216
10,2368.594
11,2368.814
12,2392.564
13,2393.006
14,2417.440
15,2418.100
16,2418.768
17,2421.186
18,2421.798
19,2437.909
20,2438.348
21,2440.766
22,2441.269
23,2465.388
24,2465.497
25,2465.909
26,2484.307
27,2484.654
28,2515.944
29,2516.219
30,2573.632
31,2574.124
32,2574.614
33,2644.448
34,2645.168
35,2649.995
36,2664.694
37,2665.001
38,2671.892
39,2672.749
40,2676.863
41,2677.001
42,2679.262
43,2679.530
44,2680.809
45,2698.189
46,2698.495
47,2773.173
48,2773.607
49,2773.826
50,2808.409
51,2810.524
52,2811.267
53,2814.082
54,2814.346
55,2814.688
56,2851.694
57,2876.492
58,2876.854
59,2876.912
60,2880.350
61,2880.634
62,2881.934
63,2882.551
64,2882.818
65,2883.749
66,2883.905
67,2897.774
68,2898.196
69,2898.594
70,2914.808
71,2915.147
72,3148.567
73,3155.864
74,3156.263
75,3178.352
76,3178.531
77,3179.076
78,3225.660
79,3247.438
80,3247.677
81,3271.751
82,3272.513
83,3318.685
84,3319.215
85,3319.497
86,3356.919
87,3357.435
88,3536.667
89,3537.399
90,3537.731
91,3665.818
92,3788.795
93,3865.015
94,3970.522
95,3971.115
96,4268.610
97,4268.947
98,4805.747
99,4806.331
100,4806.409
