Percentage served,Time in ms
0,2205.764
1,2373.250
2,2384.060
3,2394.918
4,2396.492
5,2408.406
6,2416.307
7,2419.104
8,2426.041
9,2450.301
10,2457.508
11,2459.512
12,2518.738
13,2541.263
14,2543.596
15,2555.293
16,2556.939
17,2566.601
18,2570.979
19,2573.294
20,2575.454
21,2577.791
22,2579.033
23,2584.653
24,2586.296
25,2587.312
26,2588.201
27,2588.692
28,2594.571
29,2594.667
30,2595.703
31,2597.944
32,2610.030
33,2610.203
34,2611.389
35,2614.058
36,2615.733
37,2618.519
38,2620.789
39,2624.615
40,2625.789
41,2630.435
42,2630.991
43,2631.705
44,2634.712
45,2637.906
46,2639.841
47,2644.111
48,2649.987
49,2658.417
50,2659.905
51,2660.362
52,2662.825
53,2663.316
54,2663.596
55,2663.955
56,2664.146
57,2665.318
58,2666.379
59,2671.910
60,2672.350
61,2673.636
62,2674.709
63,2676.875
64,2685.916
65,2688.185
66,2690.825
67,2695.666
68,2697.766
69,2697.844
70,2701.034
71,2702.977
72,2706.259
73,2707.957
74,2716.044
75,2716.134
76,2719.750
77,2723.236
78,2729.495
79,2745.702
80,2755.032
81,2760.892
82,2766.853
83,2770.402
84,2774.654
85,2785.050
86,2813.232
87,2817.064
88,2823.432
89,2829.808
90,2831.281
91,2841.465
92,2844.788
93,2872.079
94,2878.087
95,2881.350
96,2904.855
97,2996.787
98,3012.885
99,3082.684
100,3082.684
