Percentage served,Time in ms
0,2465.955
1,2466.005
2,2473.356
3,2474.481
4,2791.492
5,2791.501
6,2820.730
7,2868.242
8,2868.313
9,2868.595
10,2881.348
11,2891.098
12,2891.133
13,2892.775
14,2892.971
15,2897.864
16,2900.660
17,2900.713
18,2909.213
19,2917.269
20,2917.463
21,2923.761
22,2923.941
23,2929.300
24,2929.330
25,2933.523
26,2933.559
27,2936.582
28,2936.920
29,2937.344
30,2937.476
31,2937.549
32,2937.551
33,2957.301
34,2957.457
35,2971.393
36,2976.564
37,2976.750
38,2988.607
39,2988.639
40,2991.277
41,2991.477
42,2992.196
43,2993.220
44,2993.373
45,2997.836
46,2997.902
47,3005.924
48,3005.951
49,3007.372
50,3012.623
51,3014.710
52,3014.909
53,3025.161
54,3025.196
55,3026.165
56,3026.188
57,3038.447
58,3038.450
59,3048.690
60,3053.702
61,3054.317
62,3055.656
63,3055.714
64,3066.049
65,3069.111
66,3069.460
67,3094.651
68,3099.158
69,3099.371
70,3111.254
71,3111.450
72,3133.798
73,3134.002
74,3138.975
75,3139.191
76,3145.205
77,3145.220
78,3147.601
79,3147.782
80,3149.701
81,3149.785
82,3184.593
83,3184.606
84,3187.758
85,3189.266
86,3210.939
87,3210.979
88,3278.460
89,3278.462
90,3296.183
91,3426.519
92,3427.622
93,3430.244
94,3446.799
95,3446.903
96,3489.008
97,3504.948
98,3562.514
99,3562.558
100,3562.558
