Percentage served,Time in ms
0,1170.474
1,1314.352
2,1314.715
3,1318.211
4,1358.503
5,1431.589
6,1431.625
7,1433.524
8,1455.113
9,1455.155
10,1455.369
11,1455.612
12,1456.317
13,1456.422
14,1456.429
15,1487.837
16,1487.997
17,1488.093
18,1489.505
19,1489.684
20,1489.836
21,1503.712
22,1503.880
23,1504.002
24,1504.063
25,1504.222
26,1509.725
27,1509.970
28,1510.021
29,1513.651
30,1513.950
31,1514.035
32,1514.061
33,1514.231
34,1515.256
35,1515.337
36,1515.418
37,1515.492
38,1515.593
39,1548.263
40,1548.577
41,1548.701
42,1548.742
43,1553.661
44,1556.865
45,1565.314
46,1565.422
47,1565.556
48,1565.798
49,1565.894
50,1571.778
51,1573.414
52,1573.877
53,1573.977
54,1598.144
55,1598.262
56,1598.312
57,1598.323
58,1598.568
59,1599.101
60,1599.258
61,1599.340
62,1599.473
63,1603.839
64,1603.947
65,1604.072
66,1604.128
67,1604.234
68,1608.490
69,1608.634
70,1608.787
71,1608.857
72,1608.974
73,1631.442
74,1631.684
75,1645.720
76,1645.944
77,1646.140
78,1646.386
79,1646.513
80,1686.079
81,1686.184
82,1709.015
83,1741.530
84,1752.357
85,1762.444
86,1762.545
87,1762.652
88,1762.855
89,1762.858
90,1949.634
91,1949.666
92,1949.798
93,1949.851
94,1950.041
95,2395.381
96,3802.959
97,3802.969
98,3803.004
99,3803.145
100,3803.151
