Percentage served,Time in ms
0,2777.025
1,2777.025
2,2777.025
3,2777.025
4,2777.025
5,5648.041
6,5648.041
7,5648.041
8,5648.041
9,5648.041
10,5648.041
11,5648.041
12,5648.041
13,5648.041
14,5751.167
15,5751.167
16,5751.167
17,5751.167
18,5751.167
19,5751.167
20,5751.167
21,5751.167
22,5751.167
23,5751.239
24,5751.239
25,5751.239
26,5751.239
27,5751.239
28,5751.239
29,5751.239
30,5751.239
31,5751.239
32,5751.363
33,5751.363
34,5751.363
35,5751.363
36,5751.363
37,5751.363
38,5751.363
39,5751.363
40,5751.363
41,5751.371
42,5751.371
43,5751.371
44,5751.371
45,5751.371
46,5751.371
47,5751.371
48,5751.371
49,5751.371
50,5751.520
51,5751.520
52,5751.520
53,5751.520
54,5751.520
55,5751.520
56,5751.520
57,5751.520
58,5751.520
59,5751.520
60,5751.528
61,5751.528
62,5751.528
63,5751.528
64,5751.528
65,5751.528
66,5751.528
67,5751.528
68,5751.528
69,5751.559
70,5751.559
71,5751.559
72,5751.559
73,5751.559
74,5751.559
75,5751.559
76,5751.559
77,5751.559
78,5751.647
79,5751.647
80,5751.647
81,5751.647
82,5751.647
83,5751.647
84,5751.647
85,5751.647
86,5751.647
87,5751.706
88,5751.706
89,5751.706
90,5751.706
91,5751.706
92,5751.706
93,5751.706
94,5751.706
95,5751.706
96,0.000
97,0.000
98,0.000
99,0.000
100,5751.706
