Percentage served,Time in ms
0,1430.037
1,1619.633
2,1620.066
3,1762.385
4,1762.645
5,1790.122
6,1790.346
7,1790.432
8,1790.841
9,1793.362
10,1793.568
11,1793.782
12,1803.608
13,1803.880
14,1804.011
15,1807.092
16,1807.165
17,1807.270
18,1813.428
19,1813.848
20,1813.883
21,1814.219
22,1844.366
23,1844.417
24,1844.672
25,1897.996
26,1898.033
27,1898.162
28,1908.358
29,1908.491
30,1908.681
31,1908.743
32,1908.824
33,1909.017
34,1909.201
35,1912.584
36,1912.842
37,1912.948
38,1930.523
39,1938.019
40,1938.138
41,1938.276
42,1947.776
43,1947.880
44,1948.196
45,1971.571
46,1971.771
47,1971.942
48,1977.499
49,1977.751
50,1977.930
51,1996.547
52,1997.025
53,2006.143
54,2006.527
55,2006.872
56,2007.146
57,2015.103
58,2015.123
59,2015.239
60,2015.741
61,2016.153
62,2016.524
63,2057.820
64,2059.345
65,2059.708
66,2060.067
67,2060.290
68,2060.712
69,2060.767
70,2060.795
71,2061.794
72,2062.089
73,2062.408
74,2072.438
75,2073.065
76,2104.504
77,2104.683
78,2104.880
79,2105.276
80,2156.586
81,2156.765
82,2157.152
83,2185.016
84,2185.253
85,2185.577
86,2232.492
87,2232.699
88,2232.994
89,2301.432
90,2301.866
91,2304.719
92,2449.224
93,2449.541
94,2511.928
95,2512.452
96,2512.603
97,4028.087
98,4028.248
99,4028.495
100,4754.506
